cpu  4421 1123 3145 10469 1223 142 89 0 0 0
cpu0 1379 118 819 838 253 57 50 0 0 0
cpu1 645 377 642 1546 262 20 10 0 0 0
cpu2 566 313 615 1720 251 40 14 0 0 0
cpu3 429 296 542 1958 275 13 8 0 0 0
cpu4 747 10 339 2084 109 7 4 0 0 0
cpu5 655 9 188 2323 73 5 3 0 0 0
intr 208793 0 1 0 1 0 0 3 0 0 0 0 0 0 0 0 0 0 0 0 0 37745 0 0 0 0 0 0 0 0 0 0 0 0 0 0 0 0 0 0 0 870 0 0 0 0 0 0 0 52 0 0 121 0 0 0 0 0 978 2 4 0 0 0 0 0 1910 0 0 0 0 0 0 0 0 0 0 212 0 0 0 0 2 416 2 0 2 0 0 0 4 4 0 0 0 0 0 0 0 0 0 0 0 0 0 0 0 0 0 0 0 0 0 0 0 0 2488 0 0 0 0 0 0 0 0 0 0 0 0 132 0 0 0 45 0 0 151 0 23 0 0 1 0 0 0 0 0 0 0 0 0 0 0 0 0 0 29550 0 0 0 0 0 0 0 12703 0 0 0 0 0 0 5 0 0 0 0 0 0 0 0 0 0 0 0 0 0 0 0 0 80 0 8 0 0 0 0 4313 581 0 0 0 2411 0 0 0 0 0 0 0 0 0 0 0 1 0 0 185 196 0 0 0 0 0 30 0 68 0 0 0 0 0 0 0 0 0 0 0 0 0 0 0 242 0 0 0 0 0 0 0 0 0 0 0 0 0 0 0 0 0 0 0 0 0 0 0 0 0 0 0 0 0 0 148 0 0 0 0 3431 0 0 0 0 0 0 0 0 0 0 0 0 0 0 0 0 0 0 0 0 0 0 0 0 0 0 0 0 0 0 0 0 0 0 0 0 0 0 0 0 0 0 0 0 0 0 0 0 0 0 0 0 0 0 0 48 2 0 0 0 0 0 0 0 0 0 0 0 0 0 0 0 0 0 0 0 0 0 0 0 0 0 0 0 0 0 0 0 0 0 0 0 0 0 0 0 0 0 0 0 0 0 0 0 0 0 0 0 0 0 0 0 0 0 0 0 0 0 0 0 0 0 0 0 0 0 0 0 0 0 0 0 0 0 0 0 0 0 0 0 0 0 0 0 0 0 0 0 0 0 0 0 0 0 0 0 0 0 0 0 0 0 0 0 0 0 0 0 0 0 0 0 0 0 0 0 0 0 0 0 0 0 0 0 0 0 0 0 0 0 0 1 0 0 0 0 0 0 1 0 0 0 0 0 0 0 0 0 0 0 0 0 0 0 1 0 0 0 0 0 22 0 0 0 0 0 0 1 2 32 0 0 0 0 0 0 0 0 0 0 0 0 0 0 0 0 0 0 0 0 0 0 0 0 0 0 0 0 0 0 0 0 0 0 0 0 0 0 0 0 0 0 0 0 0 0 0 0 0 0 0 0 0 0 0 0 0 0 0 0 0 0 0 0 0 0 0 0 0 0 0 0 0 0 0 0 0 0 0 0 0 0 0 0 0 0 0 0 0 0 0 0 0 0 0 0 0 63 144 0 1 1 0 0 0 0 0 0 0 0 0 0 0 0 0 0 0 0 0 0 0 0 0 0 0 0 0 0 0 0 0 0 1 1 0 0 0 0 0 0 0 0 0 0 0 0 0 0 0 0 0 0 0 0 0 0 0 0 0 0 0 0 0 0 0 0 0 0 0 0 0 0 0 0 0 0 0 0 0 0 0 0 0 0 0 0 0 0 0 0 0 0 0 0 0 0
ctxt 488103
btime 1420201874
processes 5073
procs_running 9
procs_blocked 0
softirq 123031 2 13947 4 0 2 2 28364 14892 12 65806